0.0390491521846
0.0467425451651
0.0465530948488
0.0366969320973
0.0459531024827
0.0270219501051
0.0412512558785
0.0281262815308
0.0294867496803
0.0435889023239
0.0227495071051
0.0247987432877
0.0476179637324
0.0367163945787
0.0433015604834
0.0356344589666
0.046042906261
0.0309334505465
0.0268519593567
0.0357430656153
0.0368291129136
0.0389440160495
0.0389407049314
0.0435128160758
0.0430330456531
0.043829315167
0.0381597442985
0.0374392508493
0.0402130826956
0.0391072309372
0.0403430537318
0.0401444258784
0.0426091993389
0.037297134828
0.0417373481203
0.0440871722952
0.0223445180929
0.03166038678
0.0385519942206
0.039967577942
0.0326352331191
0.0406672496551
0.0412497155319
0.0435666927748
0.0343682168459
0.0388891206268
0.044860258298
0.0250911517987
0.0380926938564
0.0279342733006
0.0396956954168
0.0442334815324
0.0355895931882
0.0277832521564
0.0283977747462
0.0360792469437
0.0452167164897
0.0600619919335
0.0581647004589
0.0673179445375
0.0677184258566
0.0714928246242
0.0759784804691
0.0683763325007
0.0696832817087
0.0790705952174
0.0712631640569
0.0738077881604
0.0790308896899
0.0954719745337
0.105226610071
0.124525759833
0.132375632541
0.0994510677651
0.0719206117093
0.0678776667077
0.0710539107138
0.0586913276998
0.0615420589536
0.0704340888777
0.0730540951428
0.0746724846507
0.086937424214
0.0788347740335
0.0831261442577
0.080229695098
0.0790205683065
0.0896230150743
0.110187444822
0.10014600168
0.106392263071
0.122460828395
0.0986214174797
0.0842808864755
0.0760800002943
0.0798954147603
0.0425676792627
0.0433331942757
0.0553104101616
0.110287820808
0.110940368005
0.12095644148
0.140261328804
0.127660492804
0.132730254469
0.128323513435
0.130139431526
0.123773765216
0.1198110372
0.127300750031
0.126598019504
0.122002401612
0.127594756341
0.127406608803
0.130909330354
0.129030867581
0.123762175912
0.119569739176
0.150113276879
0.111244720028
0.0405040998376
0.0780663081808
0.0320881998887
0.0269751973416
0.0321961960722
0.0217656006399
0.0279415673979
0.0415805725183
0.0386451684726
0.0242652264541
0.0324526026562
0.0285855863971
0.0283576885561
0.0440972646006
0.0408351169336
0.0317719652555
0.0376072598551
0.0444027799909
0.0321870651621
0.0406245223078
0.0423080242395
0.0401228122423
0.0378720280631
0.0364336254821
0.0356938027124
0.0386348152004
0.042116027968
0.0436651667226
0.0420280030577
0.0387384414308
0.0436523083618
0.0386061068113
0.0515486713139
0.0479060602419
0.0271092059316
0.0364738713677
0.0379248081702
0.0392277369932
0.0402770988437
0.0425421109952
0.0396540685633
0.0451112871676
0.0303071869887
0.0409985288476
0.0338106860788
0.0312921347272
0.0458830531026
0.0440321310862
0.0337450174188
0.0391834834186
0.0438053133723
0.0452674587394
0.0475187322677
0.0436749534858
0.0386615433724
0.0359629034065
0.0412180728196
0.0350446621635