0.0129630775749
0.0087729847044
0.0180506228633
0.0161133595487
0.00948718148636
0.0154053202231
0.0139897794059
0.0109250629012
0.0205508928996
0.00924788958807
0.00499640750587
0.0129769724054
0.00679495852844
0.0104044726636
0.00857033245119
0.00987971562918
0.0116726909178
0.00795675972536
0.00765564098761
0.0110796213957
0.013817352107
0.0102856471688
0.0110529985987
0.0149536528216
0.00981125877002
0.0198229693856
0.0161270145898
0.012225625681
0.0132168473196
0.0102406131837
0.0141877565883
0.0172590954011
0.0187731653738
0.0138796457684
0.0117407525369
0.0150370271771
0.00584607099011
0.0120049535158
0.00883280308847
0.00966395156277
0.00913830549581
0.0119365254116
0.011046094462
0.0160122635141
0.0128526713944
0.00685828599842
0.0082389594097
0.0135595853912
0.0108589701284
0.0115059694687
0.0155660856008
0.00774715573642
0.0153226580578
0.0167522070971
0.016143860512
0.0215365447287
0.0228866973262
0.0258849198982
0.0270696624218
0.0161819130387
0.0194616626243
0.0180861645649
0.0196491965384
0.0222748397253
0.025056443132
0.0257280494468
0.0194579470654
0.0197457670537
0.0185823495114
0.016604613961
0.0227121481222
0.0150815830895
0.0230919657221
0.016584450938
0.0265842728972
0.0207719659341
0.0152732764629
0.0257386286615
0.0298926149629
0.0261704486557
0.0169243107099
0.0230796491172
0.0231545759908
0.0263984742826
0.0174540619719
0.0209952773105
0.0196908213312
0.0166401957462
0.017933833881
0.0224997266101
0.026365275499
0.0211590116964
0.0242647438882
0.0214132507067
0.0265187322161
0.027702510713
0.0170497795514
0.020385548309
0.0206040629061
0.0144248417181
0.0192266331032
0.0192971684216
0.0177029053659
0.0241427300532
0.0272628704776
0.0203028276724
0.0231074963995
0.0138863806158
0.023132081828
0.0245538463978
0.0213892510106
0.0231158262158
0.0222033727639
0.0121411512122
0.01534054695
0.01920468422
0.0153288825235
0.0224658947847
0.0224842701127
0.0221850558509
0.0196628788364
0.0188582145003
0.0217720044196
0.0232847503726
0.0242840476146
0.0301151540892
0.0241245583793
0.0145049290291
0.0206619513135
0.0207906072793
0.0171059243708
0.0194733083803
0.0242951799882
0.0183117645094
0.0184889621656
0.0242184447789
0.0161484359042
0.013280366461
0.0245017274391
0.0189983561556
0.0170516549206
0.0234412114175
0.024825013969
0.023785527117
0.0214908578689
0.018326577892
0.024583592987
0.0241610283634
0.0175936610894
0.0195482529112
0.022429349209
0.0189472036682
0.0244034521005
0.0186861385987
0.0296248657694
0.0254011537629
0.0253448216899
0.0153710917353
0.020133989153
0.0244384661073
0.0286522011275
0.0297530319318
0.027397189776
0.0283113040767
0.0191686234876
0.0187098302253
0.0282790653559
0.0196660450013
0.0184585787138
0.0211682109477
0.0215153340645
0.0193452435569
0.0263063810709
0.0225348961128
0.0232921804184
0.031790358652
0.0278181966569
0.0240722490463
0.0247501321259
0.024170654536
0.0175322245713
0.0213312256449
0.0267311470415
0.026202025423
0.025529431085
0.0233865393701
0.026823237864
0.0232224827753
0.0244390989169
0.0228043722332
0.014377011504
0.0227815897111
0.0224408882447
0.0282938718473
0.0151373211423
0.0215766376902
0.0218257568565
0.0208003489621
0.0290514853231
0.0182426170736
0.0166897157687
0.0190330090568
0.0263891427774
0.0205218214858
0.0280277695725
0.0262361149759
0.0200125327761
0.0254946076847
0.024242780744
0.0180809865583
0.018622702375
0.0188082926373
0.0156309773494
0.0245425585751
0.0245536641679
0.0188320131492
0.0225025531821
0.0214478575712
0.0230793551637
0.0251852427841
0.0223992377486
0.0245175703142
0.0213639624666
0.0258936631735
0.0248253238345
0.0227816612535
0.0139546037055
0.0267726888688
0.0190547027451
0.0245078589238
0.0210263982463
0.0300761333076
0.0219110012194
0.0187937340012
0.0154479488268
0.0238756395164
0.0201585082269
0.0277945606737
0.0262787198043
0.0183813045877
0.0189217186433
0.0315572936803
0.0219497797758
0.0149557876518
0.0198586069558
0.0174268794717
0.0250822219059
0.0175940223637
0.013351225948
0.0177589986496
0.0250133771511
0.0196060053233
0.0281389964415
0.0198403902928
0.0200457457451
0.0274880457378
0.0250167757067
0.0225022747278
0.0227611623452
0.0204675998091
0.0191908704811
0.0241992642337
0.0219276523342
0.0264225822731
0.0168638205811
0.0163876495931
0.0186899069712
0.024054392088
0.020341106189
0.0248519705888
0.0244180618632
0.0184763995121
0.0201323466301
0.0273216960075
0.018993564811
0.015584428704
0.0263717616666
0.0227293340203
0.0244049722593
0.0206800493902
0.0275320893047
0.0184852873432
0.025923860607
0.0273611570353
0.021175415167
0.0165248199025
0.0234496187969
0.0263965884039
0.029912064764
0.0206578893102
0.023006656445
0.0329617177313
0.0224705503093
0.0260194826689
0.0236633116476
0.0185819337222
0.0205314452717
0.0234804030455
0.0171021126103
0.0198441663676
0.0206223696451
0.0229609480735
0.0219917899085
0.0222806430718
0.0231894380906
0.0201722788277
0.00963251224163
0.0250267100871
0.0211641041872
0.0211124940645
0.0192082982036
0.0145241790094
0.0298052669398
0.0233283327152
0.0214778064406
0.0143492541869
0.0227377090382
0.0195408776063
0.0262908136981
0.0206467974957
0.0182652661278
0.0167147212821
0.0246905199652
0.0211855316743
0.0234229857479
0.0190811593583
0.0164422745072
0.0231975997718
0.022537597543
0.0264833000437
0.0247662376374
0.0314236242394
0.0308947972426
0.0306914708683
0.0203010449163
0.0311141308764
0.0231332611923
0.0249096669538
0.0219736754035
0.031221780884
0.0243683318801
0.0256466129077
0.0242682462971
0.0309447744254
0.029793544583
0.0213014797208
0.0290526091679
0.023741100347
0.0318297011263
0.0314287811949
0.0338623669686
0.0365884620674
0.0305464136424
0.0309206402733
0.0289173898033
0.022349377001
0.0228691496179
0.0309537582829
0.0437267388273
0.0301190829024
0.0309047130165
0.0195610330562
0.0251638989181
0.0179363433548
0.017852418331
0.0233968938116
0.0278208966502
0.0181359625399
0.0204585317233
0.018877666547
0.0222384390289
0.0152278424601
0.0242636303788
0.0232230287656
0.0197168424395
0.0184956386787
0.0250405442877
0.0200574088052
0.0259960227522
0.0277510364904
0.0224631028955
0.0177924077573
0.0189962965002
0.0139787808641
0.0203484253901
0.0216161562557
0.0214027497169
0.0215470349839
0.015956544517
0.0149880707491
0.0192271751163
0.0262143382693
0.0216961004316
0.0236688925187
0.0228705314838
0.0244578556338
0.0175467865737
0.0232216873733
0.0269780757263
0.0207259636873
0.0193468818276
0.015631622571
0.0249949104848
0.0243256477459
0.0218853962586
0.0168880057626
0.0193303041634
0.0275494620847
0.0190814786976
0.0247288659224
0.0194074624259
0.0129321532217
0.0239184462304
0.0185306002073
0.0192023711318
0.0179631126068
0.0153108717476
0.0212143539331
0.0225169262316
0.0223613699458
0.0198780206531
0.0212549385686
0.022606324539
0.027614620751
0.0218911731373
0.0206226537747
0.0167514632959
0.0294839773556
0.0164651822395
0.0200733207251
0.0221426241351
0.0218210029808
0.028700401395
0.02381486587
0.0246520900088
0.0221130672039
0.0300911447517
0.0212334921126
0.0214263290084
0.0231950414576
0.0226217290386
0.0226310344406
0.0230204842901
0.0250834551674
0.020581972999
0.0202128248769
0.0249268493503
0.0251516781739
0.0207625152723
0.0154926542276
0.0215171817592
0.0233901286376
0.0249598575087
0.0162466440527
0.0223767198398
0.02147271779
0.0302075926187
0.0149647026351
0.0415378338914
0.030124602609
0.0262736788972
0.0346551852403
0.0339274739073
0.0324185085064
0.0354534991485
0.0353574947513
0.0305681730173
0.032061834166
0.0296799466122
0.0305768661385
0.0314859962633
0.0339515421035
0.0348925207151
0.0324047851278
0.0352865916623
0.0380265998492
0.0363628549596
0.038087113586
0.0342364123104
0.0333915924874
0.0386947199694
0.0338073655844
0.0320250403478
0.0316387224774
0.0352496747514
0.0315988502399
0.0394188404173
0.0304738998977
0.0396180203769
0.0347753981266
0.0290135336495
0.0357647420651
0.0362038158028
0.0317117373523
0.0309909347742
0.040725142495
0.028436806277
0.0343505193149
0.033458916963
0.0363119920995
0.0349874159516
0.0313434168613
0.0386224149182
0.0357417191421
0.0321028031376
0.0359696443884
0.0286256218283
0.032885425475
0.0342759449758
0.04287550634
0.0353691519077
0.0343968541806
0.0337421889934
0.0283566054274
0.0329329095027
0.0353290950744
0.0341813784577
0.0318656554367
0.0436212902862
0.0470809793579
0.0445195167943
0.0478013937403
0.0406411652081
0.0487925559623
0.0435217220651
0.0464365289086
0.0463297473511
0.0434682928982
0.045912240683
0.045725491343
0.0429338717242
0.0499481006572
0.0458117338047
0.0454116144566
0.0463117386635
0.0426470260997
0.0436275037769
0.0442411470715
0.0477863930975
0.0491663915027
0.0468838613439
0.0470712630664
0.0483635367149
0.0512046406515
0.0506711613761
0.0515861629339
0.0474689239293
0.0441995731856
0.0470467458793
0.0363386309582
0.0376117271612
0.0439469408674
0.0341672203075
0.0386073302393
0.0338687549163
0.0366847589106
0.0380850497946
0.0350553617265
0.0332944152942
0.0414473441076
0.0370430327754
0.0421651607757
0.0346939754705
0.033783802605
0.0433258146042
0.0360761303886
0.0364016389965
0.0302131395602
0.0293430739852
0.0238970804156
0.027896215651
0.0281577291432
0.0353362023834
0.0316464772452
0.0320050390436
0.0315848210963
0.0325737347321
0.0419738073303
0.0363675173597
0.0260992660872
0.0299422766669
0.0298094322706
0.025733934133
0.0299299163735
0.0286997232669
0.025408167865
0.0298820323379
0.0319646693693
0.0316627363578
0.0299499873282
0.0281454554145
0.0313931081541
0.0336511683607
0.0165857104365
0.0183556826244
0.0198018082766
0.0141583532845
0.0167346478665
0.0267669295849
0.0283436432906
0.0154848003223
0.0217037785639
0.0321217223425
0.0335670967899
0.0341792137721
0.0333173461019
0.0351726557243
0.0305404172119
0.0274624550943
0.0363152625793
0.0313098535005
0.0372076094574
0.0345821219963
0.0358095304257
0.0377559723116
0.0391176412052
0.0349569352293
0.0354030766139
0.0417065749643
0.034146810399
0.0311201288263
0.034867359583
0.0371825854364
0.0366707619381
0.0329758273561
0.0359417728901
0.0352007862055
0.0363311141123
0.0314893166939
0.0337717344342
0.0349594233896
0.0467133024972
0.0463240165438
0.0405495353037
0.0475393336098
0.0466563248061
0.045882834295
0.0435381306464
0.0426473207994
0.0489693809806
0.0463055545898
0.0452982886622
0.0433467995744
0.0452387177064
0.0456728493315
0.0442515091454
0.047093789554
0.0539798129336
0.0522792805467
0.0541649925224
0.0471941444981
0.0443482515409
0.0383520189459
0.0431507589352
0.0460972688527
0.0466078584204
0.0363724488242
0.0366685139084
0.041332368028
0.0371995960595
0.0373959310439
0.0315145698906
0.0362113151004
0.0420807222021
0.031549284315
0.0378591873834
0.031158696975
0.0331628833159
0.0330990945706
0.0298421459804
0.0397347266936
0.0363053816977
0.0375042672574
0.0261460071434
0.0349416971338
0.0386620655476
0.0261279711785
0.0288196281427
0.035781350176
0.0295310503849
0.033385916187
0.0276889272384
0.0208519957915
0.0316051217009
0.0340160959792
0.0416364654244
0.0298026085391
0.0266579071187
0.0282491143067
0.0228543288668
0.0291722749535
0.0250578642707
0.0269549909156
0.0270040844607
0.0305343757649
0.0290127093913
0.0319172339132
0.0276313170355
0.0328326752152
0.0296831743352
0.0199901415013
0.0273240414909
0.0341699394817
0.0191209192378
0.0336665116739
0.0367073556802
0.034679753832
0.0240873946432
0.0192531463813
0.0313750182371
0.0303777103685
0.0290296890842
0.031379086014
0.0327596966712
0.0317588366854
0.0251191234117
0.0302043942009
0.0354633177247
0.0259458840596
0.026821985062
0.030474257282
0.0301378662464
0.0246862374055
0.0293653252537
0.0269589021298
0.0274376541014
0.0248161875851
0.0288386055973
0.0293163327991
0.0285210913081
0.0266093001841
0.0344842297674
0.0318961727519
0.0331991045477
0.0285872525134
0.0292642307763
0.0273955925105
0.026227813856
0.0263975521111
0.0312172121183
0.0254588334375
0.0269706617169
0.0262099930193
0.0286546382139
0.0275369673593
0.0276912644123
0.0267719605078
0.0354895936271
0.0288893869619
0.0256406869742
0.0289187213662
0.024781546121
0.0280536945131
0.0269610156524
0.0259762994267
0.026403850704
0.0306522859966
0.0325162107091
0.0335439798615
0.0253003621672
0.0263659845283
0.0269562867042
0.0282327321045
0.0270146599253
0.0311005536393
0.0254173217822
0.0337781791496
0.0227060933665
0.0298949444942
0.0329367242044
0.0327346480004
0.0272390351958
0.0254320756655
0.0292232211644
0.0385443399262
0.0276527048048
0.024411810097
0.0292233180192
0.0258664472985
0.0291013186062
0.0251089102362
0.0294649274131
0.0345068488748
0.0315889684854
0.0361100826229
0.0275915229257
0.0312171081875
0.0319583828929
0.0333621200775
0.0250540898395
0.0263292945258
0.0529337496944
0.0631597019854
0.0753545435171
0.068579710839
0.0703749039208
0.0797201967888
0.0536526398141
0.0572089394571
0.0627169772834
0.0632140747042
0.0560254632112
0.0688530755795
0.0551457472251
0.062255018746
0.0541420813582
0.0610664836248
0.0619808464187
0.0646400501199
0.0657982687779
0.0554577875425
0.0520540535307
0.0575292401059
0.0587924671652
0.0562577349705
0.0519888950432
0.0510367154851
0.0504540417384
0.0618507539978
0.0584818494278
0.0602521118579
0.0531906953561
0.0575521998511
0.0643725877964
0.056282498152
0.0559370502025
0.0618888784092
0.0615170010877
0.0729579644663
0.0679938561438
0.061483647078
0.056429519614
0.0692711154169
0.071570189757
0.0589828102659
0.0654346552818
0.0646315367065
0.0700127355246
0.0728039383211
0.0681864531024
0.0642100803051
0.0639980152385
0.0633974184274
0.0636239829592
0.0662853222632
0.0672909021633
0.0786233585654
0.0561805155688
0.0585142704808
0.0594986854135
0.0598866423142
0.0588317418912
0.0533405834192
0.0506977528597
0.0541666682681
0.0430086184074
0.0473375414176
0.0397883253554
0.0477196924561
0.0449163088159
0.0505813199207
0.0433077038071
0.0469318615233
0.0203303208591
0.0172609426854
0.0258738822035
0.0155545597768
0.0175287807006
0.0303700510402
0.0274406416971
0.0287060219824
0.0260896690603
0.0306591302846
0.0198020845623
0.0211798393755
0.0233886233794
0.027954385753
0.0193630213977
0.0300347770532
0.0277147569173
0.0298526976333
0.0230479954266
0.0199056665609
0.0196823938296
0.0235054954712
0.025686482691
0.0184668872214
0.0213831011502
0.0214173722682
0.0225691971653
0.0144879985422
0.0227293741475
0.0193335915557
0.0179883118954
0.0143391458105
0.0230695203173
0.0231363093084
0.018291023802
0.0204447643424
0.0173487525043
0.0176479929907
0.00946121701742
0.0360449990613
0.0718806926869
0.07002941667
0.0660031176194
0.0690864269847
0.0664383109407
0.0706600513394
0.0652286179857
0.0645035993191
0.0592163679097
0.0607132429091
0.0629862145758
0.060948524272
0.0572960489817
0.0554310122058
0.0519020218167
0.061013523142
0.059158800945
0.053803265773
0.0602666358816
0.0641050870382
0.0519264868954
0.0526393875536
0.055803503542
0.0618435903298
0.0518898498317
0.0645923349074
0.0566036370003
0.0522455207208
0.0617485409766
0.0579366046655
0.0442600373741
0.0426542747769
0.0482545898569
0.0545100993896
0.0554662611287
0.0495467858064
0.0546325976824
0.0504805099122
0.0553714576132
0.0459680362038
0.0486051539718
0.0556932889852
0.0461664765589
0.0553816875812
0.048820124055
0.0516449496819
0.0491348050178
0.0411133624184
0.0415313071155
0.0466827605577
0.0398222223879
0.0423742242477
0.0366108133881
0.0405031600371
0.036378590964
0.0351331545604
0.0336758078663
0.0398583630626
0.0367229025695
0.0346618564528
0.036995912198
0.0411103634518
0.0426473038701
0.039520484397
0.0456021521679
0.0460415823746
0.0475091936866
0.0478690346336
0.0503834313565
0.0386698379145
0.047012645031
0.0504845673971
0.0468426885217
0.036436652848
0.0402105849944
0.0447942630881
0.0466841791919
0.0446979013424
0.0431445632199
0.0440820157242
0.0503280817761
0.03911365996
0.0410797731406
0.0468488287362
0.0452357744941
0.0534269721948
0.0524401117556
0.0499670693497
0.0475145829065
0.0452329868001
0.0561685810671
0.0455629459713
0.0493085082466
0.0393719626877
0.0502336285094
0.0487416006696
0.0508964958876
0.0419468252439
0.0494073094216
0.038449988971
0.0431653914798
0.047296362291
0.0494334939422
0.0497845119614
0.049189683579
0.0528413975265
0.0486623638052
0.0410756197654
0.0462229657943
0.0486957548183
0.0472375578979
0.0489832297964
0.0450480584499
0.0451239876333
0.0408594865531
0.0447416228271
0.0510047469053
0.0585665251413
0.0442940034098
0.0424003659939
0.041332143614
0.0469640928732
0.0438800438292
0.0451520646357
0.0424893147436
0.0453959546372
0.0448498983892
0.0398020950843
0.04573278046
0.0455125830759
0.0507047917415
0.0459863035081
0.041176147636
0.0490587284224
0.04639567173
0.0469825566369
0.0506812303707
0.0491712051276
0.0485272141191
0.0493034642901
0.0529033441956
0.0491746617653
0.0464918443444
0.048598365703
0.0523745458332
0.0449729167506
0.0336846286536
0.0349197260686
0.03847235222
0.0427380465127
0.0526913866738
0.0535363586741
0.0530379691061
0.0519637898142
0.0420553576606
0.0479857926805
0.0430428498374
0.0521379933452
0.0468380129637
0.0477815491052
0.0482415968373
0.0458937113578
0.0474564718821
0.0472151834954
0.0567057971247
0.0487369620333
0.0461362211854
0.0434844176672
0.0372958609657
0.0331639067778
0.0343810895302
0.0361869986517
0.0444474101108
0.0322379310657
0.0376302217078
0.0301830717189
0.0371943670821
0.0415566160708
0.0402840339914
0.043728153184
0.0421395951746
0.0418372018231
0.0502942062753
0.0409408454431
0.0426274342922
0.0386455623666
0.0442084061668
0.0398350627106
0.0406046421654
0.0476681802744
0.0415551254928
0.0345134281668
0.0440727508754
0.0422012865008
0.0363371240385
0.0352392408273
0.0263700869366
0.0264497636522
0.020256479115
0.0205537849171
0.0169964348021
0.0118494717856
0.00392347751148
0.0079450964667
0.00947934057567
0.0115156923348
0.0330979275655
0.0684180623958
0.152005299174
0.201676191141
0.195058075834
0.191976615642
0.193362610099
0.191500328754
0.195782670414
0.200160450341
0.199407623083
0.199259669053
0.204899546912
0.201559013419
0.204590732172
0.204173846798
0.203369363735
0.200692698606
0.200085949307
0.198512661029
0.197376967699
0.198839999249
0.195128449086
0.196116701404
0.198545624667
0.195751233272
0.195427803427
0.197395764738
0.198693693842
0.197074546429
0.200132752022
0.200017156285
0.201491858618
0.199330924171
0.204950789817
0.203575387586
0.197344952573
0.202296075869
0.202754686741
0.202099135152
0.199000607781
0.201302192918
0.20189543742
0.203304549376
0.206248211007
0.202709420107
0.208059541389
0.20707507926
0.205504490988
0.20387689272
0.202631508087
0.204723523705
0.207420454647
0.204009626971
0.205636206502
0.205654076034
0.207992818642
0.207025573324
0.204325697023
0.209395994084
0.20500751733
0.206638424108
0.208614251783
0.201132938931
0.211558327208
0.205126138367
0.212394225706
0.203771828218
0.208681934371
0.203955781394
0.207380818582
0.207579122202
0.208420319435
0.206839168965
0.208344094779
0.202882379323
0.204255544831
0.205130175428
0.206994667385
0.202721154141
0.208295560155
0.204829550719
0.204030800772
0.207460618753
0.208403386177
0.210066712246
0.205486347371
0.208163985942
0.204991165056
0.20276102173
0.205526257386
0.203788828484
0.205176882314
0.205232289413
0.204420268429
0.202503976337
0.211966923415
0.207628454122
0.20287169067
0.207895525853
0.207377184456
0.205645681675
0.207156287093
0.202875282814
0.202465607346
0.208022886201
0.201237573063
0.201722521687
0.206186313771
0.198968260946
0.202137135671
0.201899384267
0.199977276345
0.20139445276
0.200541721464
0.200030912562
0.209075074459
0.201929666551
0.20137284198
0.202260305018
0.199361081381
0.198676277491
0.204685564624
0.200076054918
0.198545321798
0.20636587665
0.201837473669
0.202354940463
0.202759411819
0.202148832906
0.197297508502
0.197892949404
0.198197638911
0.198651992435
0.195735176663
0.191770688579
0.195760975164
0.196870638015
0.193903297583
0.194283244057
0.198176881731
0.195953014682
0.196048709186
0.195744511657
0.193595315526
0.19726238639
0.195408806655
0.199903275192
0.198600682327
0.197913782354
0.198018187009
0.197828236643
0.192839490629
0.197287021094
0.198519683594
0.19787719967
0.192707207492
0.195321517532
0.196329763983
0.197259945767
0.190844439151
0.193349537102
0.189986541671
0.195889127344
0.197979092651
0.198497796105
0.196308176152
0.202301599527
0.198521625838
0.195541677841
0.19450326282
0.196726740922
0.202018330854
0.198085095558
0.198700530239
0.200679192325
0.201427973716
0.195578284319
0.196968643895
0.195269702564
0.194647848755
0.194379574876
0.198587687136
0.194594411842
0.198066014898
0.199957850757
0.198486374334
0.196683414084
0.197957622146
0.197775167784
0.200156733048
0.196137912736
0.195848862139
0.197713966182
0.19798254558
0.198035812469
0.196695843498
0.200518629963
0.206679950081
0.196784188741
0.196006689215
0.197154962729
0.19421549388
0.194530667351
0.196790020833
0.191135103277
0.194705829608
0.192792593773
0.194764218266
0.194436297437
0.193395629433
0.200140016226
0.195518549541
0.197918583238
0.198706790283
0.197674634053
0.196248398893
0.198261239779
0.193646489712
0.194175073486
0.199830966278
0.193967522077
0.200870209366
0.198707945921
0.19572406276
0.200371815028
0.196336947022
0.192892355544
0.19463388311
0.195074514897
0.196755873682
0.197847164259
0.19751166189
0.197802145777
0.194818548784
0.196842494266
0.194793851341
0.196558705274
0.196126253146
0.196695056808
0.197212828196
0.193943092495
0.193785797974
0.195268586929
0.197402583042
0.197846245894
0.192609219835
0.19969038663
0.199790764425
0.197350361515
0.197864358393
0.19546940764
0.195410211095
0.195896927834
0.199616984132
0.197886724265
0.197710629796
0.195815612403
0.199093415586
0.198895510303
0.195626424787
0.19589702585
0.195472010314
0.197090394026
0.203646429411
0.195445398612
0.198153698257
0.200670370352
0.195898937614
0.192719669188
0.198546909306
0.197262033853
0.196390190862
0.194281482744
0.195629679246
0.196980387375
0.197952397578
0.201340408696
0.196334141817
0.195373549037
0.198556612561
0.196296088259
0.200780639
0.1998174393
0.205952501894
0.209649280262
0.207245124369
0.210627551809
0.202047855351
0.205790689891
0.214559654021
0.203590649454
0.205630594585
0.204947951508
0.204698861342
0.201573416677
0.201042990889
0.201922155114
0.197107243119
0.201012702902
0.201394857006
0.202333348977
0.197792348535
0.203670696512
0.207993391095
0.200507116275
0.203604661257
0.202710975083
0.208487439492
0.203999246362
0.20296193743
0.20404588033
0.202094620239
0.199051763676
0.207500579172
0.20058156498
0.201534340885
0.203643918643
0.204915016042
0.206971327981
0.201214764264
0.203628310535
0.200098637667
0.201406514226
0.201112277902
0.203007378879
0.203050279621
0.200701630033
0.200682403605
0.202295500949
0.204355691618
0.2024121113
0.201512958114
0.203484753988
0.201218058844
0.20395460647
0.205173610429
0.200772907554
0.20865963625
0.207285874153
0.207881449874
0.202946340148
0.203982057128
0.206469905731
0.206543794303
0.208232749063
0.201330380629
0.207043211857
0.201678867873
0.205072958532
0.205080692122
0.205435439831
0.206008870461
0.206058781994
0.20379250405
0.204841718111
0.206102178299
0.20509834883
0.204672507884
0.203507547821
0.203128863736
0.203605098928
0.205261549573
0.204677474805
0.204636035233
0.204304383585
0.203828767456
0.203451675781
0.20657413927
0.205630540559
0.201525166661
0.208279155874
0.200621172084
0.207811553136
0.200063478405
0.205503046362
0.202895289315
0.207962958381
0.204821384562
0.206060257622
0.203911549645
0.205447275235
0.207161957212
0.206720861313
0.209054834183
0.206794619443
0.207251196064
0.210857305418
0.203735904101
0.203015229493
0.203559103525
0.206051226122
0.20210202128
0.200933622831
0.204832121671
0.200513547331
0.203932598107
0.2038708481
0.201063750998
0.204525210289
0.202732287083
0.208438759118
0.202697884822
0.205563395947
0.203163891469
0.206445196952
0.200840347618
0.200366305756
0.2059682452
0.200522688801
0.201759829912
0.202356200779
0.202317113008
0.201679275563
0.198805302275
0.206243341449
0.207607653383
0.201895543247
0.201569263636
0.204253277226
0.203633102912
0.202123814843
0.207165309307
0.204986412561
0.204922981435
0.20162225826
0.20358217543
0.205272236095
0.204139454875
0.207505242616
0.202590094617
0.205576707715
0.205725637701
0.203661364747
0.206909346791
0.207387485422
0.212460396965
0.209321503289
0.206558371733
0.205507777859
0.200236635194
0.203529799676
0.202090786026
0.204576564466
0.202923180502
0.198779326634
0.204566845473
0.203490280672
0.201853575492
0.203740415012
0.199753768713
0.206584007448
0.199849877096
0.203075937154
0.2086922724
0.201847576926
0.202133205261
0.204998064006
0.198711788917
0.199539733011
0.204242843833
0.203076796457
0.199370608575
0.199610713861
0.203896321335
0.199742092299
0.19909235151
0.202302162691
0.201954406304
0.199878614509
0.196615670868
0.198313934954
0.201642572084
0.19778589107
0.198069819105
0.19676593874
0.199145637083
0.200495790347
0.202021644902
0.195638428903
0.196659819323
0.195657384112
0.197723427478
0.198939185135
0.200364690004
0.197718878607
0.20065861845
0.200718934575
0.195558977518
0.199254146417
0.192376277716
0.199181079045
0.201486890024
0.198954527049
0.192672386216
0.195486700774
0.195867556439
0.19643362395
0.199449100615
0.200165283422
0.197978891117
0.204143212315
0.196959128736
0.196570268004
0.195971887061
0.198043356709
0.205067369075
0.203035820304
0.203041796643
0.20204657066
0.201933587499
0.200509004273
0.198795810348
0.200694687564
0.200558648737
0.201602334993
0.200287919972
0.199236486727
0.201592706487
0.200003737794
0.197984015665
0.201271819464
0.199976727848
0.203044778254
0.201101697897
0.200529268196
0.20057571177
0.199259800671
0.200406418089
0.195725776379
0.198993716093
0.201636426025
0.198915876892
0.195127866888
0.196308471572
0.198434040948
0.201055179637
0.19782753202
0.194412653729
0.199385865182
0.197827174945
0.196281251168
0.19812067569
0.197583397829
0.192766291422
0.194143172866
0.197321623053
0.198557059673
0.196620393811
0.197654157651
0.198149328653
0.198348697187
0.197495821101
0.197431335419
0.197162521254
0.193667765224
0.197364024924
0.197725179839
0.198399302768
0.195547171717
0.19573503748
0.196855936037
0.196669936688
0.196800596447
0.199047940336
0.196559518452
0.195603390302
0.198990091813
0.196547316133
0.195079916001
0.198192842952
0.197817694805
0.197545406604
0.200232662219
0.197675526441
0.196674461858
0.20036968633
0.196716747741
0.197422979095
0.202244319856
0.198190021918
0.198793675616
0.201758035328
0.203630616919
0.199644894478
0.199981251626
0.201644979297
0.199114671091
0.201596662408
0.203573266048
0.199877057128
0.197670692301
0.203030760997
0.204075043944
0.203089507915
0.205770998629
0.206553136187
0.194859309669
0.196789381382
0.198123497543
0.200838398624
0.198555162733
0.194414478166
0.202118912808
0.19969464465
0.199647190114
0.198613578893
0.197761073878
0.200965983117
0.205735347105
0.200847571034
0.203887264587
0.199068514074
0.197557741288
0.20200405473
0.199073997639
0.207593770744
0.202563328815
0.201380329403
0.200846042248
0.202730477213
0.206533032463
0.203125148555
0.208758086064
0.205349413738
0.206091352503
0.208915068584
0.205156168412
0.220192579757
0.206438587199
0.205760138288
0.212288142977
0.206231929798
0.212645000491
0.209737718628
0.21109662076
0.209367992644
0.213996271547
0.212281958257
0.21066207123
0.21503643785
0.209406756897
0.204575293669
0.213048376898
0.215337704609
0.201544634068
0.209125430819
0.204495935067
0.211356486772
0.206691956414
0.218292476349
0.205487674287
0.203175102017
0.20337733985
0.209531502347
0.212616179409
0.205718191264
0.207280987493
0.216517304484
0.213619230617
0.209352273565
0.203349981129
0.207483911482
0.209943086739
0.207169866933
0.209700428645
0.214284133556
0.2063301001
0.200878541421
0.210832824556
0.201031539168
0.208907129692
0.208750612567
0.20208135363
0.213960739213
0.213148597722
0.206177393574
0.208575486311
0.210600934758
0.208019868518
0.206792873599
0.207663117891
0.206948530819
0.20881660031
0.206883124232
0.206012727667
0.20925112317
0.211541495344
0.207648332396
0.205590411954
0.210412806152
0.199648471094
0.20106704347
0.2075489694
0.208418073841
0.211224231658
0.208080828115
0.20607080746
0.208526921787
0.202742273989
0.206867332632
0.2010942668
0.210701483391
0.211102373205
0.207842800097
0.209514360523
0.214233026259
0.209838968934
0.213416395596
0.206966071532
0.21390045446
0.209995228535
0.209864433164
0.210204766017
0.218642866082
0.208263051973
0.217892931279
0.211997926877
0.220267377188
0.221197243407
0.221770773107
0.216360139021
0.242538273573
0.234736321698
0.231481480889
0.239869978355
0.251239193325
0.237930832866
0.234820267701
0.237018986147
0.2541772902
0.254434600675
0.244016801187
0.227010513696
0.246159620737
0.240784650339
0.239424178061
0.209406836817
0.253143618819
0.234885996309
0.233664129173
0.265085088599
0.22918733114
0.244985126144
0.245802494332
0.24864384426
0.256967889344
0.255268675904
0.254586948318
0.271687282278
0.240031017551
0.263178858358
0.267706277921
0.257460524759
0.247483278607
0.246399735049
0.2606280018
0.25831849931
0.265029654021
0.270011343268
0.261087470498
0.277182121739
0.255819136741
0.280471264302
0.260984946512
0.257882789895
0.250362595763
0.271802379051
0.26277911834
0.242397762008
0.257906449728
0.233183237417
0.246564859238
0.242107735708
0.233225775067
0.242964136552
0.234552553449
0.237803450059
0.226816168793
0.241366393473
0.245369911054
0.222855710609
0.240194747537
0.20881623329
0.224558010319
0.232972754655
0.226747550154
0.208074649419
0.21068949556
0.212810107771
0.219219956283
0.220068088017
0.229681013589
0.207247159183
0.219627168362
0.222827210627
0.217112532998
0.231753834687
0.22471736812
0.229717363185
0.237024209719
0.224871220763
0.239484997004
0.234909722752
0.222888605187
0.224065580016
0.225195037533
0.232056537142
0.215361242519
0.223022290521
0.228611821562
0.227570237714
0.229516783835
0.226575942481
0.23849313298
0.225983647076
0.229520481703
0.222636092066
0.223640245285
0.21982645006
0.22468674908
0.233657857586
0.21915048013
0.224327695951
0.212075246803
0.231833538869
0.228561887089
0.242647531137
0.223949629706
0.212883963106
0.226592523119
0.224652313293
0.227563901454
0.235122037102
0.222146029413
0.233922140065
0.226747816903
0.222241521777
0.237877687064
0.227444865332
0.233761636578
0.231387159759
0.241674691946
0.240547223129
0.245896505027
0.250483350221
0.245994337503
0.277224407778
0.272505836556
0.272007094159
0.312255237322
0.281351272178
0.298538547834
0.286332212976
0.280876770858
0.248055258406
0.29260499711
0.280365619274
0.265178511385
0.248456703906
0.249815844899
0.239906876234
0.223709479526
0.242799969639
0.226895730217
0.209860361698
0.216561620363
0.2070111734
0.207878176247
0.195105578403
0.208577282143
0.207548308447
0.198987606963
0.207056368256
0.202821222533
0.196633077317
0.198458833812
0.208409819046
0.209619342395
0.207215367808
0.206399440563
0.210829826034
0.203109375542
0.199771677981
0.207768381145
0.207190634751
0.203985882841
0.20999723235
0.222096720558
0.21181121289
0.208255498267
0.206554127003
0.210025931198
0.201033419645
0.213886973871
0.206439835647
0.211550599716
0.21410662379
0.209324029514
0.202789152932
0.203861131172
0.201321728617
0.206029833008
0.209529032508
0.206786008823
0.204070172384
0.209252466766
0.208584831648
0.204160798264
0.212294219255
0.207849165054
0.210363380936
0.210228665296
0.20514931096
0.211468064225
0.205695369591
0.201825520056
0.209634343069
0.208381884811
0.211464883988
0.205934911826
0.205501062348
0.20424035324
0.20479540421
0.199689385945
0.201128216065
0.201305482716
0.209156128894
0.201891177056
0.0995937841324
0.208872644451
0.21108164872
0.0837815484887
0.0817739457038
0.210586850315
0.0823807965507
0.154073056941
0.0634878223844
0.164486011487
0.121219013682
0.208564641558
0.173888229645
0.200604752411
0.0505051443448
0.0606804810234
0.0678668558614
0.0677385743716
0.0532631625724
0.0712167636235
0.0601497406408
0.0548215700594
0.0609935601084
0.0588997658092
0.06203764081
0.0653662678866
0.0533842280481
0.0600517250608
0.0544164437299
0.0525466020586
0.056270212417
0.056966140167
0.0522049332633
0.0633297360489
0.0610432083521
0.0614695164499
0.0595057731074
0.0599563062597
0.062201639119
0.063123973774
0.0636153401303
0.0566294829299
0.0570541427395
0.0478608962936
0.0554102277615
0.0590325681649
0.0629502180005
0.0617298427572
0.0654743188828
0.0610877231116
0.0573692487472
0.0573014915953
0.0593407194507
0.0593887339851
0.0530093762449
0.0454228307834
0.0484716439565
0.0448256178837
0.0439519538574
0.0467888442049
0.0536622112569
0.0382594925718
0.0424368351715
0.0429283271853
0.0349253051763
0.0419524645141
0.0406196017087
0.0418563253032
0.0361534054588
0.0330263760108
0.0318676279871
0.0307923894987
0.0288461884137
0.0236688661541
0.0222281834748
0.0246144331435
0.0304078282817
0.0235401565018
0.0223719026886
0.0215070931063
0.0128909665039
0.0182489914201
0.011967528961
0.0223180261021
0.0227642164951
0.017514974541
0.0152086780315
0.0152619873981
0.0134466452675
0.00807908759204
0.0159718953798
0.012307737152
0.0222136135118
0.0502566225433
0.0584025424867
0.0332909215227
0.0375526978021
0.0375732658995
0.0345554202563
0.0344126702942
0.0255772279284
0.0256693400923
0.0394248628242
0.0370660218275
0.0358530496031
0.0271851953217
0.0261607762741
0.0247321536777
0.0287563870923
0.0249828941361
0.023686275793
0.0215144843083
0.0201661337189
0.019970566533
0.0239026576333
0.0224035346072
0.0255402922579
0.0170323230213
0.0219916272989
0.0196215674498
0.0216847665054
0.0227061019759
0.0254415917821
0.0198290898494
0.0205773684755
0.0133303352386
0.0176889915662
0.020052436074
0.0178194770953
0.0173251620387
0.0167442467264
0.0187887669868
0.0184734360181
0.0201997089563
0.0183172340395
0.0207437614804
0.0206452230758
0.025305194954
0.0210458365895
0.0173438162141
0.022029208303
0.0271202506507
0.0233407767127
0.0205462759758
0.0232450222589
0.0199051548922
0.0248738534672
0.0257599535824
0.0136702599715
0.0220747896942
0.0265127764516
0.0296365462425
0.034951973926
0.0330466931768
0.024182623491
0.0222264617407
0.0240049071813
0.0239452017319
0.0232175270136
0.0284097741113
0.0278862617478
0.0298667276576
0.0327655568233
0.0275609581299
0.0298439470342
0.0301169434789
0.0297266972162
0.0257862268282
0.0302929418483
0.0226131377695
0.0309658096359
0.0326785757403
0.0304382155076
0.0267572499376
0.027203071424
0.031988560519
0.0283130708419
0.0295567890655
0.0236392364145
0.0230305697076
0.0335124898628
0.0202651575016
0.020686986203
0.0286870273881
0.0283258394282
0.0284860737267
0.0246949022145
0.0234500569063
0.0309275906833
0.0248866598858
0.0243161206279
0.0292549880676
0.0258625888706
0.0338088401882
0.0276323315047
0.0332282607883
0.0351203536488
0.0285574777654
0.0326365747937
0.0331060291918
0.0372387090174
0.0316964749681
0.0320945210814
0.0261605785211
0.0326529477237
0.0358713164892
0.0301757845044
0.0295623824819
0.0354554601237
0.0369507024903
0.0354722407169
0.0310409017289
0.0367326881048
0.0318938124205
0.0317393842285
0.0277782419211
0.0364175549679
0.0298181204586
0.0359631812116
0.0296554659093
0.0347694209613
0.0318864657257
0.0408765034914
0.0389651297045
0.0332151759227
0.0328678812962
0.0364653519867
0.0370370122797
0.0379601173711
0.0335532166034
0.0389319584983
0.0405466443537
0.0361866626399
0.0333230641145
0.0417350203554
0.0370377407526
0.0733403243748
0.071146806931
0.0641661449834
0.0605735722402
0.0650841576029
0.0724445097885
0.0726036660508
0.0777524486272
0.0848487333048
0.0786009653629
0.0697308393153
0.066424222289
0.0680377476304
0.0705521650958
0.0618189259085
0.0639807641255
0.0537170440186
0.0620631874238
0.0586618057169
0.063043711488
0.0596796936811
0.0546965010117
0.0592395594796
0.0534592931227
0.058125817678
0.0586533295384
0.0556256884397
0.0622079279785
0.0613955872776
0.0583449101622
0.059465867453
0.0625454328018
0.0633183435428
0.0747278125542
0.0678399863914
0.0613875932578
0.0674518430293
0.0662051391442
0.0627143667728
0.0585544813555
0.0584076067417
0.0565168221102
0.0573378088491
0.0527959447014
0.0551827486396
0.0615057695591
0.0503627668294
0.0548271816888
0.0547335563792
0.0530421211614
0.0540101238539
0.0504412746898
0.0450962813623
0.0454179050537
0.0456303194013
0.0570312159442
0.0525862335356
0.0466551333861
0.0576280562122
0.0502242708378
0.0532695939725
0.0483802351187
0.041376440078
0.0467263557544
0.0498487533642
0.0446098685643
0.0425738400558
0.053313732892
0.0419323775768
0.0415613640439
0.0434827240577
0.0486756376987
0.0458489319534
0.0497999467726
0.054297896872
0.0464845733218
0.0491522111162
0.0511394647461
0.0506558596599
0.0414753444564
0.04801946018
0.0475858605739
0.0521855393259
0.0511234099752
0.0432648766185
0.0456265567569
0.0512894508475
0.0528516892937
0.0460811316257
0.0420808406416
0.0493977080902
0.044171322897
0.0485899645339
0.0518677886911
0.0434703633717
0.0492654188263
0.0375710453253
0.0435640267127
0.0399281599898
0.0415568602353
0.0475616025254
0.0450445463709
0.0415023490286
0.0497926172822
0.039641810601
0.0412540960714
0.0388923917089
0.0392829594894
0.0457417345879
0.0423019971075
0.0450630983339
0.0732682154195
0.0893898280787
0.0937656030522
0.0969276664275
0.0895580825715
0.0942051988214
0.096105315924
0.0892599233347
0.0910304994599
0.0921089059342
0.0828775074558
0.0848655077141
0.0852407590745
0.0801672868597
0.0816652960728
0.0856739524917
0.0883133666087
0.0909381026824
0.0868276863346
0.0851249499034
0.0857604954814
0.0880108000698
0.0854150940426
0.081721671549
0.0887306569176
0.0866928273122
0.0920639100799
0.0873940560679
0.0875299562089
0.0807065274019
0.0814318148688
0.0847995016966
0.0796342664077
0.084119028487
0.0872593976936
0.0782480844794
0.0648690010691
0.0737036640526
0.0752175686145
0.0661712306489
0.0634994109407
0.067135348568
0.0569080887669
0.0612257510203
0.0624025195827
0.0588211370039
0.0599512204493
0.0577318402556
0.0560338835735
0.0548840466458
0.0472476013724
0.0408412598807
0.0347946657296
0.0338585769499
0.0314376972531
0.0290663828057
0.0383564266264
0.0442776826942
0.0443963677328
0.0534436721198
0.058404103633
0.0547452626438
0.0539687128055
0.0550443760902
0.0446123859042
0.047254165995
0.0473243443222
0.0562196619421
0.0574007900577
0.0393230922753
0.049499648888
0.0450293591118
0.0334304957004
0.0324078397942
0.0213768465983
0.0418535655196
0.0567479346254
0.0561245433234
0.0541138184958
0.0578573701997
0.0553933352428
0.053373208055
0.0569740077861
0.0554099977618
0.058414851378
0.0654262828306
0.0517277662079
0.0608172812436
0.0545924262613
0.0549944574528
0.0600475204938
0.0405144394922
0.027964367681
0.0286427467915
0.0285316161061
0.0318315123667
0.0288433928066
0.019150531659
0.0324363647748
0.0262500619637
0.0349485961098
0.0291982605945
0.0355307030566
0.0309453570663
0.0272867279314
0.0262087221415
0.0269583885101
0.0297719875487
0.030302417165
0.0340969026339
0.0339011844034
0.0265530660891
0.0352149097351
0.0418480665872
0.0408133722718
0.0338872041372
0.0391665997697
0.0395986278703
0.0348392352009
0.0370999459794
0.0384482249254
0.0421213466708
0.0429849668978
0.0308754972336
0.0334870870684
0.0368464645519
0.0295688605507
0.0256527967373
0.0303529421163
0.0273504842712
0.0288164932105
0.0306159172986
0.0299469178859
0.0308362785255
0.030479434403
0.0321234526371
0.0360663334717
0.027313373546
0.0311762843017
0.0307834775158
0.0308648544116
0.0349205228794
0.0308065584588
0.0270035082938
0.0244661079831
0.0279784043446
0.0263531957526
0.0366126431271
0.0339208674554
0.0310708167579
0.0343946997675
0.0276286942419
0.0273846455926
0.0243809574842
0.0309970126446
0.0280718689553
0.0347082072896
0.0234869216308
0.0300025960085
0.0289440890313
0.0276646804778
0.0232504170342
0.0216084140238
0.0236855488625
0.0306766202666
0.0217062731745
0.0318025081402
0.0227798217808
0.0196000366425
0.0224717041621
0.0295938038155
0.0284907737926
0.0200815608416
0.0236272444345
0.0308128306479
0.0337500808828
0.0310965563043
0.0376138202932
0.0363496146494
0.0512892979477
0.0456665138588
0.0468862917785
0.0540503570092
0.053441875458
0.0573216726036
0.0614367444144
0.0689011021707
0.06625396157
0.0678016544597
0.0643991507164
0.0648066669211
0.0632108374958
0.0548986088698
0.0409909487698
0.0474079460098
0.054372651605
0.0591185217873
0.0568228581871
0.0496949858535
0.0405461200752
0.0454675257959
0.0442153578817
0.044960045144
0.0476435045766
0.038572923467
0.0434611844698
0.052301621759
0.0529122567095
0.0594000382266
0.0811965459528
0.0896161812935
0.0899830031161
0.0950088905823
0.0968986815796
0.0991080231626
0.104637562051
0.104146898044
0.0930953280709
0.0873995233516
0.0902837538457
0.0918720164016
0.0852084807133
0.0915801945497
0.085193267586
0.0999348687135
0.0918677463415
0.0870919858175
0.0891603873627
0.0579070554411
0.0344303630053
0.039026222253
0.0429583558043
0.0393953240542
0.0368934999672
0.0415962278161
0.049529894098
0.0668124195111
0.0627980000893
0.0674280747033
0.0817099999318
0.0779095743867
0.0789138981812
0.0811662377637
0.0770556548139
0.0760227190907
0.0691020048735
0.0780033006682
0.0753195491449
0.0845255474199
0.0821481469422
0.0786946482396
0.0731180019906
0.0664667178414
0.0591890970943
0.0664671007967
0.0580129339402
0.0630236177319
0.0696820485692
0.0724308232261
0.0655671170574
0.0894499998878
0.0819152511306
0.0866990244226
0.0852809999051
0.0839300531625
0.0736126729574
0.0749679850461
0.0683977146791
0.0571629520733
0.0431223420775
0.0293355041741
0.0277302971347
0.0204487038793
0.0347094158322
0.0522351893827
0.0740640494307
0.130838681198
0.14353678717
0.164282985745
0.171397263878
0.16532786094
0.190092781559
0.187711284749
0.168480695364
0.17279095528
0.173029854904
0.146552610092
0.125529759799
0.143637863847
0.143511587112
0.16983728998
0.160393841371
0.16369910027
0.184187216659
0.206409199601
0.217740775878
0.221731280578
0.276150024159
0.30145388932
0.277087888851
0.301866007185
0.263568365499
0.307683367972
0.296504749543
0.314920288085
0.34949595564
0.324000902026
0.320368734902
0.336515405598
0.362091054037
0.361608626083
0.359280969882
0.379726705116
0.431698515426
0.485867519756
0.508362963576
0.465621140047
0.484404696349
0.513561023911
0.473899555198
0.524343999611
0.528623357209
0.533262068133
0.488582418133
0.516964903398
0.516184167692
0.479274253913
0.501459927481
0.411260726166
0.439187389298
0.572468747171
0.490753866861
0.488307410237
0.500923416531
0.509617345698
0.542458282297
0.5570836876
0.529466397569
0.575124340971
0.524307066741
0.479568670913
0.467318991267
0.454135854409
0.4326569555
0.496830974767
0.468368066293
0.466232560226
0.503338457786
0.520185721535
0.45442979468
0.529387066916
0.522694984178
0.537130949575
0.482731555718
0.509660411538
0.524791938053
0.511486546264
0.508544539065
0.525307344736
0.465126427163
0.493407717547
0.4644187463
0.503316932013
0.505616197507
0.511328191229
0.477652606228
0.512634081982
0.556352271091
0.537738265823
0.505439434597
0.524106910768
0.540196745797
0.53544894085
0.509245235669
0.508787311147
0.493745508108
0.524606955132
0.524881447106
0.544712482438
0.509624841105
0.51899734658
0.488296316736
0.484322151395
0.524104130289
0.466948405301
0.494072941944
0.541617593567
0.533427718678
0.499009830534
0.516838534625
0.569080836905
0.5265822246
0.518600810197
0.503824300832
0.510320121222
0.541009682595
0.485620118075
0.561664000214
0.519863980645
0.555130282221
0.498446494714
0.518724165419
0.508725146092
0.44718478332
0.528151634719
0.519690514599
0.542338599112
0.521969113351
0.527251352149
0.466954063476
0.541311798742
0.546007347179
0.489884500715
0.34840681595
0.445574976585
0.431629107503
0.44050465378
0.449435544173
0.419808755955
0.445929233947
0.461081472596
0.424645350178
0.43560755841
0.433587750411
0.402966487339
0.41599733769
0.432279250159
0.401724784391
0.458552723647
0.459976859864
0.455345556154
0.45275160528
0.45353954132
0.385409262228
0.421763685516
0.430888767942
0.446295445462
0.452360716854
0.422450526701
0.463843581863
0.429901323558
0.413324116368
0.419085655015
0.454948332114
0.42470859995
0.468266262185
0.412539596441
0.380123559845
0.455764779071
0.449224070019
0.443887018406
0.449727133521
0.437730971179
0.43528799198
0.431484408226
0.441257618788
0.482427406745
0.477607510314
0.430655078361
0.4734961957
0.452803997023
0.450861030463
0.444272377345
0.431376431167
0.470543535014
0.357536090978
0.415909022397
0.451749179172
0.469807736784
0.42585178067
0.419301705483
0.376100433612
0.432281025046
0.42821308244
0.456662986976
0.455947938806
0.441217230534
0.487577791625
0.450298363406
0.42017697146
0.479104955852
0.405547052913
0.416484881326
0.454978465659
0.449788977096
0.493378149476
0.46373856118
0.437921429581
0.428167665201
0.40012218679
0.479644847575
0.471134787904
0.461696604202
0.429203517235
0.444658109583
0.47115557339
0.420919976949
0.441107674463
0.464937938636
0.452662796644
0.474047329256
0.453495074186
0.424041692951
0.380175121447
0.465893140876
0.437690523771
0.414103684415
0.382361008578
0.334955098222
0.394765105449
0.491779199708
0.419589966411
0.402337937542
0.445963805282
0.475577691998
0.381135856424
0.428312526508
0.447403961981
0.460036154075
0.451790118239
0.417805142892
0.514943081906
0.543500796983
0.519744779223
0.642329318784
0.572099944261
0.572352339659
0.566866007753
0.56473985042
0.546902882684
0.523019961631
0.603510333327
0.63455373469
0.602813227751
0.611799897769
0.512848866781
0.580863611178
0.571389675406
0.557999139683
0.608244509018
0.567622349092
0.541276466197
0.59006290623
0.498010251877
0.566317794571
0.557957181518
0.546104496842
0.604616199872
0.576007024245
0.529975626551
0.599220287732
0.573380153712
0.562100179598
0.564255081422
0.559537035057
0.560516905098
0.569743958156
0.562469007106
0.588589795151
0.585946252488
0.573119467424
0.578475105848
0.523030085319
0.53153942103
0.539859750721
0.572980819759
0.586726143211
0.528736161524
0.488754288128
0.460569586889
0.528074216459
0.487640918743
0.475180574816
0.476661637883
0.421949055273
0.489995954759
0.46381585492
0.439075832837
0.483332664454
0.476172258042
0.432101328291
0.420269197635
0.464626637923
0.352361927718
0.427393932639
0.462410202283
0.431259742256
0.442762480926
0.430598504435
0.468221264576
0.400589360552
0.467946551283
0.42483087559
0.381715582189
0.439251818586
0.445900129831
0.412757638925
0.473296872868
0.470386069118
0.429900242538
0.413259362035
0.446985426868
0.452459147005
0.512984915776
0.515573517912
0.486847796423
0.514144859802
0.508684269818
0.43837918881
0.454107548335
0.551725997849
0.506533208404
0.48194789753
0.467536801955
0.400143352394
0.335760081336
0.303636868356
0.321691479548
0.280802956842
0.323049100681
0.293416959599
0.311446266614
0.28614382776
0.288579078266
0.308638288457
0.297272818301
0.31914861978
0.316600441923
0.321597332243
0.308162843507
0.295499943436
0.276663126803
0.248538464367
0.228018150089
0.21808208272
0.177113474254
0.15758702552
0.182328123781
0.180098056835
0.175297438647
0.158084314011
0.15752719626
0.164649160418
0.151361624956
0.152903376152
0.159181167103
0.143142851792
0.133221230668
0.128629741247
0.151932853039
0.163143535015
0.167232026135
0.168665763091
0.16882363845
0.163151307779
0.164746094678
0.149516080157
0.144120832208
0.196573920795
0.179272522066
0.0912814130761
0.129644133559
0.199716232039
0.157994438673
0.174318678912
0.172455979385
0.186372965264
0.157667112406
0.143052908234
0.166932106663
0.171296603087
0.158779829412
0.18596310354
0.153410457593
0.188737144013
0.162190027851
0.142396391981
0.209969276227
0.293672524927
0.235814894693
0.218530286662
0.201462200851
0.193966433011
0.190705575726
0.0761937616835
0.119005045004
0.0807772259655
0.0641013112816
0.05895342779
0.0644860526174
0.0605954140783
0.0672420822439
0.0572113545268
0.076901014673
0.0824661912107
0.0925819014577
0.0713675203845
0.104991642289
0.119175811459
0.0740485652511
0.117349405807
0.117781412722
0.0897873628009
0.119777918224
0.114440837832
0.139271273293
0.117835939723
0.164309735256
0.101570024471
0.108707522778
0.167208196516
0.144368997909
0.146812118784
0.0932693655864
0.136595058025
0.0969456150908
0.0811449088763
0.134277972381
0.127635171797
0.0648697393565
0.0772686917348
0.0611381849426
0.093280952852
0.0638874887926
0.104872250792
0.112102850391
0.089149623409
0.0669634041126
0.0670373065021
0.102818458657
0.113967482869
0.118463099513
0.0665843270498
0.0865031424631
0.0685015150621
0.061434185207
0.0531636048659
0.0623982274739
0.0685563533512
0.0628862526756
0.066065427577
0.076268209179
0.0589229450058
0.0460487424059
